327716,133534473,-6,0,3,-26,6,4,0,-1,-1,0,0,0,-87,-30,27,1512,-36,-11,11,512,1514,355,561,-32,-11,11,-460,72,1685,-18,-9,16,0,1053,1014,930,931,1,0,0,1,1,-0.031523098036391195,0.2280531530590926,1.5490294013564014,-32,5,6,-36,-11,11,51.2,-4,0,0,1053,1014,930,931
327718,133534974,1,0,2,-26,6,4,9,-1,-1,0,0,0,-87,-30,27,1512,-36,-11,11,512,1514,355,561,-37,-11,9,-460,72,1685,-24,-10,-2,0,1026,989,956,957,1,0,0,1,1,-0.031717479025009286,0.2280176560597497,1.5488639016001011,-16,5,5,-36,-11,11,51.2,1,0,2,1026,989,956,957
327720,133535474,7,1,3,-26,6,4,20,-1,0,0,0,0,-87,-30,27,1512,-36,-11,11,512,1514,355,561,-40,-12,8,-459,70,1636,-37,-17,2,0,1002,957,983,986,1,0,0,1,1,-0.032049581529286,0.2279152278029618,1.548788825391033,1,6,7,-36,-11,11,51.2,4,1,3,1002,957,983,986
327722,133535975,7,0,2,-26,6,4,25,-1,0,0,0,0,-87,-30,27,1512,-36,-11,11,512,1514,355,561,-40,-12,11,-459,70,1636,-58,-13,15,0,991,952,993,993,1,0,0,1,1,-0.032376269795730404,0.22781346831705918,1.5486866518280298,6,5,6,-36,-11,11,51.2,4,1,0,991,952,993,993
327724,133536477,3,0,1,-26,6,4,22,-1,-2,0,0,0,-87,-30,27,1512,-36,-11,11,512,1514,355,561,-38,-11,12,-449,63,1583,-61,-11,17,0,996,968,987,977,1,0,0,1,1,-0.03268412661029054,0.22772057981868063,1.5485755493003985,-1,5,3,-36,-11,11,51.2,2,0,-1,996,968,987,977
327726,133536977,1,-1,0,-26,6,4,16,-3,-3,0,0,0,-87,-30,29,1512,-36,-11,11,512,1514,355,561,-37,-10,13,-449,63,1583,-38,-4,14,0,998,994,970,967,1,0,0,1,1,-0.032980079682647406,0.22763710316978908,1.5484562060348286,-9,2,1,-36,-11,11,51.2,1,-1,-2,998,994,970,967
327728,133537478,1,-2,0,-26,6,4,11,-5,-3,0,0,0,-87,-30,29,1512,-36,-11,11,512,1514,355,561,-37,-10,11,-444,62,1531,-18,-5,10,0,999,1005,958,966,1,0,0,1,1,-0.03328067657484776,0.2275529122446589,1.5483545419512912,-14,-1,1,-36,-11,11,51.2,1,-1,0,999,1005,958,966
327730,133537967,4,-3,0,-26,6,4,11,-6,-2,0,0,0,-87,-30,29,1512,-36,-11,10,512,1514,355,561,-38,-10,11,-444,62,1531,-17,-9,9,0,998,1001,958,971,1,0,0,1,1,-0.03358261083615299,0.2274707670337034,1.5482552894068782,-11,-3,2,-36,-11,10,51.2,2,-1,-1,998,1001,958,971
327732,133538468,4,1,-1,-26,6,4,10,-2,-1,0,0,0,-87,-30,29,1512,-36,-11,10,512,1514,355,561,-38,-12,12,-444,62,1531,-28,-16,18,0,1011,990,970,957,1,0,0,1,1,-0.03388979988211381,0.2273694547986212,1.5481439982420144,-12,5,2,-36,-11,10,51.2,2,1,-2,1011,990,970,957
327734,133538969,2,3,-1,-26,6,4,6,0,-2,0,0,0,-87,-30,29,1512,-36,-11,11,512,1514,355,561,-38,-13,13,-447,53,1481,-59,-25,13,0,1025,993,972,937,1,0,0,1,1,-0.034194904149988374,0.22725973584272308,1.5480234012740999,-18,9,1,-36,-11,11,51.2,2,2,-2,1025,993,972,937
327736,133539469,-1,5,-2,-26,6,4,0,7,-2,0,0,0,-87,-30,29,1512,-36,-11,11,512,1514,262,561,-35,-14,12,-447,53,1481,-59,-14,2,0,1055,996,972,905,1,0,0,1,1,-0.03447517323161776,0.22714124627786297,1.5479116594768203,-27,18,0,-36,-11,11,51.2,-1,3,-1,1055,996,972,905
327738,133539970,-7,5,-1,-26,6,4,-10,10,0,0,0,0,-87,-30,29,1512,-36,-11,11,512,1514,262,561,-32,-14,9,-440,42,1423,-35,-10,-5,0,1094,1012,943,879,1,0,0,1,1,-0.034735833330310426,0.22702163657616642,1.54782657312294,-43,21,3,-36,-11,11,51.2,-4,3,2,1094,1012,943,879
327740,133540471,-5,4,1,-26,6,4,-11,11,4,0,0,0,-87,-30,29,1512,-36,-11,11,512,1514,262,561,-33,-13,5,-440,42,1423,-12,-3,5,0,1102,998,935,892,1,0,0,1,1,-0.035013381129140306,0.22690956370507412,1.5477776446980438,-42,21,9,-36,-11,11,51.2,-3,2,6,1102,998,935,892
327742,133540972,-3,4,3,-26,6,4,-9,9,6,0,0,0,-87,-30,29,1512,-36,-11,11,512,1514,262,561,-34,-14,5,-439,41,1365,-9,-12,17,0,1102,988,930,909,1,0,0,1,1,-0.03529960041808483,0.2267887658348403,1.5477283679024199,-38,19,13,-36,-11,11,51.2,-2,3,6,1102,988,930,909
327744,133541473,0,0,4,-26,6,4,-7,2,6,0,0,0,-87,-30,29,1512,-36,-11,11,512,1514,262,561,-36,-11,7,-439,41,1365,-31,-13,21,0,1076,998,917,936,1,0,0,1,1,-0.03559948851213891,0.2266948207014263,1.547662077092263,-33,8,14,-36,-11,11,51.2,0,0,4,1076,998,917,936
327746,133541974,-1,0,4,-26,6,4,-5,-3,3,0,0,0,-87,-30,29,1512,-36,-11,11,512,1514,262,561,-35,-11,9,-445,31,1316,-63,-23,9,0,1061,1012,915,940,1,0,0,1,1,-0.035886603088624104,0.22660152187073399,1.547577824205212,-32,3,11,-36,-11,11,51.2,-1,0,2,1061,1012,915,940
327748,133542474,0,1,3,-26,6,4,0,-3,0,0,0,0,-87,-30,29,1512,-36,-11,11,512,1514,262,561,-36,-12,10,-445,31,1316,-67,-12,-6,0,1046,1001,935,945,1,0,0,1,1,-0.03617979108354645,0.22650002819381504,1.5474844396134295,-26,4,7,-36,-11,11,51.2,0,1,1,1046,1001,935,945
327750,133542977,5,4,3,-26,6,4,8,0,0,0,0,0,-87,-30,29,1512,-36,-11,11,512,1514,262,561,-39,-13,9,-440,22,1271,-41,-7,2,0,1032,972,966,958,1,0,0,1,1,-0.036503025270412055,0.226388861438948,1.54739913737385,-13,10,7,-36,-11,11,51.2,3,2,2,1032,972,966,958
327752,133543478,2,0,4,-26,6,4,10,0,1,0,0,0,-87,-30,29,1512,-36,-11,11,512,1514,262,561,-37,-11,7,-440,22,1271,-9,-1,18,0,1028,979,954,966,1,0,0,1,1,-0.03681165845153299,0.22629499467344627,1.5473327358640332,-14,6,9,-36,-11,11,51.2,1,0,4,1028,979,954,966
327754,133543977,5,0,4,-26,6,4,12,0,1,0,0,0,-89,-29,27,1512,-36,-11,11,512,1514,262,561,-39,-12,8,-442,22,1226,-10,-8,27,0,1023,967,964,974,1,0,0,1,1,-0.03713440054680888,0.2261931437199355,1.5472573072167357,-9,6,9,-36,-11,11,51.2,3,1,3,1023,967,964,974
327756,133544466,5,1,4,-26,6,4,12,-2,0,0,0,0,-89,-29,27,1512,-36,-11,11,512,1514,262,561,-39,-12,9,-442,22,1226,-38,-25,14,0,1018,971,964,975,1,0,0,1,1,-0.03744871336071679,0.22609367618848342,1.5471746081065332,-9,5,8,-36,-11,11,51.2,3,1,2,1018,971,964,975
327758,133544967,2,0,4,-26,6,4,7,-5,0,0,0,0,-89,-29,27,1512,-36,-11,11,512,1514,262,561,-38,-11,9,-449,14,1187,-69,-18,-12,0,1023,991,946,967,1,0,0,1,1,-0.03776207199157413,0.22600053149378152,1.5470901874832395,-17,1,8,-36,-11,11,51.2,2,0,2,1023,991,946,967
327760,133545468,3,0,3,-26,6,4,4,-4,0,0,0,0,-89,-29,27,1512,-36,-11,11,512,1514,262,561,-38,-11,9,-449,14,1187,-72,-10,-15,0,1026,996,943,963,1,0,0,1,1,-0.03807543198100119,0.22590741258465,1.5470057387227891,-19,2,7,-36,-11,11,51.2,2,0,2,1026,996,943,963
327762,133545969,3,-3,3,-26,6,4,3,-5,-1,0,0,0,-89,-29,27,1512,-36,-11,11,512,1514,262,561,-38,-10,10,-444,9,1148,-33,8,12,0,1019,1004,939,966,1,0,0,1,1,-0.03838686233817625,0.22582339271244795,1.5469126408837601,-20,-2,6,-36,-11,11,51.2,2,-1,1,1019,1004,939,966
327764,133546469,3,0,2,-26,6,4,4,-4,-2,0,0,0,-89,-29,27,1512,-36,-11,11,512,1514,262,561,-38,-11,12,-444,9,1148,-1,-9,39,0,1023,1002,950,954,1,0,0,1,1,-0.03869359125310733,0.22573152377527733,1.546801463330858,-19,2,4,-36,-11,11,51.2,2,0,-1,1023,1002,950,954
327766,133546970,0,1,0,-26,6,4,1,-3,-4,0,0,0,-89,-29,27,1512,-36,-11,11,512,1514,262,561,-36,-12,14,-449,11,1116,-3,-21,37,0,1029,1016,949,934,1,0,0,1,1,-0.03897936132675258,0.225631446662422,1.546671759382226,-25,4,0,-36,-11,11,51.2,0,1,-3,1029,1016,949,934
327768,133547471,0,1,0,-26,6,4,-3,-1,-5,0,0,0,-89,-29,27,1512,-36,-11,11,512,1514,262,561,-36,-12,13,-449,11,1116,-38,-25,2,0,1038,1023,948,919,1,0,0,1,1,-0.03926714280549965,0.22553106242085552,1.546550993453362,-29,6,-1,-36,-11,11,51.2,0,1,-2,1038,1023,948,919
327770,133547972,-1,2,-1,-26,6,4,-6,2,-3,0,0,0,-89,-29,27,1512,-36,-11,11,512,1514,262,561,-36,-12,11,-458,3,1100,-75,-24,-25,0,1055,1019,947,907,1,0,0,1,1,-0.03955893749657498,0.22543002045832397,1.5464481288074108,-33,10,0,-36,-11,11,51.2,0,1,0,1055,1019,947,907
327772,133548473,-3,6,0,-26,6,4,-9,8,0,0,0,0,-89,-29,27,1512,-36,-11,11,512,1514,262,561,-35,-14,8,-458,3,1100,-63,-3,-13,0,1085,1004,948,891,1,0,0,1,1,-0.03984784195250695,0.2253104876131119,1.5463714137241777,-38,20,4,-36,-11,11,51.2,-1,3,3,1085,1004,948,891
327774,133548974,-1,6,2,-26,6,4,-7,11,3,0,0,0,-89,-29,27,1512,-36,-11,11,512,1514,262,561,-36,-14,5,-456,-1,1084,-23,-2,20,0,1095,981,950,902,1,0,0,1,1,-0.0401514961054926,0.2251899241255652,1.5463215543363362,-34,23,9,-36,-11,11,51.2,0,3,6,1095,981,950,902
327776,133549474,-4,1,4,-26,6,4,-8,7,7,0,0,0,-89,-29,27,1512,-37,-11,11,512,1514,262,561,-34,-12,4,-456,-1,1084,5,-2,41,0,1098,993,919,918,1,0,0,1,1,-0.04043924640654054,0.22508670137101341,1.546281429574302,-38,14,15,-37,-11,11,51.2,-3,1,7,1098,993,919,918
327778,133549975,-8,2,6,-26,6,4,-14,2,6,0,0,0,-89,-29,27,1512,-37,-11,11,512,1514,262,561,-32,-12,6,-464,0,1066,-5,-23,24,0,1108,1015,894,911,1,0,0,1,1,-0.040706082860771216,0.22498399450372214,1.5462232713044552,-48,10,16,-37,-11,11,51.2,-5,1,5,1108,1015,894,911
327780,133550466,-8,3,6,-26,6,4,-16,0,4,0,0,0,-89,-29,27,1512,-37,-11,11,512,1514,262,561,-32,-13,7,-464,0,1066,-48,-29,-19,0,1105,1025,891,907,1,0,0,1,1,-0.04096555467483726,0.2248751407904968,1.5461571046470461,-50,9,14,-37,-11,11,51.2,-5,2,4,1105,1025,891,907
327782,133550965,-7,0,6,-26,6,4,-15,-5,3,0,0,0,-89,-29,27,1512,-37,-11,10,512,1514,262,561,-32,-11,6,-464,0,1066,-75,-10,-33,0,1086,1037,880,925,1,0,0,1,1,-0.04123140780038276,0.2247815753925375,1.5460994944938165,-48,1,13,-37,-11,10,51.2,-5,0,4,1086,1037,880,925
327784,133551466,-3,0,7,-26,6,4,-9,-6,3,0,0,0,-89,-29,27,1512,-37,-11,10,512,1514,262,561,-35,-11,6,-498,-14,1060,-58,-1,-1,0,1069,1021,895,943,1,0,0,1,1,-0.04152455804517108,0.224687651517846,1.5460416264288845,-38,0,14,-37,-11,10,51.2,-2,0,4,1069,1021,895,943
327786,133551967,-1,2,6,-26,6,4,-1,-2,0,0,0,0,-89,-29,27,1512,-37,-11,10,512,1514,262,561,-36,-12,9,-498,-14,1060,-20,2,46,0,1059,998,928,943,1,0,0,1,1,-0.04182038117280148,0.2245861050295964,1.5459564709519746,-28,6,10,-37,-11,10,51.2,-1,1,1,1059,998,928,943
327788,133552468,0,2,4,-26,6,4,5,1,-2,0,0,0,-89,-29,27,1512,-37,-11,10,512,1514,262,561,-37,-12,11,-554,-42,1072,3,-14,49,0,1043,987,957,941,1,0,0,1,1,-0.04212096060817178,0.22448532026687307,1.5458533633511728,-21,9,6,-37,-11,10,51.2,0,1,-1,1043,987,957,941
327790,133552969,-5,1,3,-26,6,4,3,0,-3,0,0,0,-89,-29,27,1512,-37,-11,10,512,1514,262,561,-34,-12,10,-554,-42,1072,-14,-21,4,0,1048,1008,943,928,1,0,0,1,1,-0.04239730594278354,0.22438419247885777,1.545759190645204,-28,7,4,-37,-11,10,51.2,-3,1,0,1048,1008,943,928
327792,133553469,-6,5,3,-26,6,4,-1,1,-2,0,0,0,-89,-29,27,1512,-37,-11,10,512,1509,262,561,-33,-14,8,-603,-77,1099,-59,-29,-37,0,1068,1006,939,914,1,0,0,1,1,-0.04266818585494112,0.2242651091653167,1.5456823022030166,-33,12,5,-37,-11,10,51.2,-4,3,2,1068,1006,939,914
327794,133553970,-1,1,4,-26,6,4,1,0,0,0,0,0,-89,-29,27,1512,-37,-11,10,512,1509,262,561,-36,-12,7,-603,-77,1099,-78,-2,-29,0,1050,998,940,939,1,0,0,1,1,-0.042968002954632135,0.22416290651624526,1.545614956300935,-26,7,8,-37,-11,10,51.2,-1,1,3,1050,998,940,939
327796,133554471,0,-4,4,-26,6,4,6,-7,0,0,0,0,-89,-29,27,1512,-37,-11,10,512,1509,262,561,-37,-9,8,-638,-102,1123,-50,6,25,0,1020,1006,929,973,1,0,0,1,1,-0.04327483001804503,0.2240873101598138,1.5455397836839309,-20,-5,8,-37,-11,10,51.2,0,-2,2,1020,1006,929,973
327798,133554972,0,-3,4,-26,6,4,8,-9,0,0,0,0,-89,-29,27,1512,-37,-11,10,512,1509,262,561,-37,-9,9,-638,-102,1123,-10,-2,63,0,1016,1007,931,975,1,0,0,1,1,-0.043579667297164705,0.22401211724810877,1.5454556289132304,-18,-6,8,-37,-11,10,51.2,0,-2,1,1016,1007,931,975
327800,133555473,-1,0,2,-26,6,4,7,-4,-2,0,0,0,-89,-29,27,1512,-37,-11,10,512,1509,262,561,-36,-11,12,-684,-122,1149,1,-21,46,0,1027,1003,947,950,1,0,0,1,1,-0.0438696202024512,0.2239206277760005,1.5453437879690206,-20,2,4,-37,-11,10,51.2,-1,0,-2,1027,1003,947,950
327802,133555973,-2,6,0,-26,6,4,5,2,-5,0,0,0,-89,-29,27,1512,-37,-11,10,512,1509,262,561,-36,-14,13,-684,-122,1149,-27,-30,-9,0,1045,994,970,918,1,0,0,1,1,-0.04415675407348024,0.22380358321809646,1.545222019099711,-23,14,-1,-37,-11,10,51.2,-1,3,-3,1045,994,970,918
327804,133556474,-4,4,0,-26,6,4,1,3,-5,0,0,0,-89,-29,27,1512,-37,-11,10,512,1509,262,561,-35,-13,13,-722,-148,1187,-66,-21,-36,0,1049,1008,962,909,1,0,0,1,1,-0.04443581271197795,0.223695073235184,1.5451003747417622,-29,13,-1,-37,-11,10,51.2,-2,2,-3,1049,1008,962,909
327806,133556963,-4,6,-1,-26,6,4,-1,7,-4,0,0,0,-89,-29,27,1512,-37,-11,10,512,1509,262,561,-35,-14,11,-722,-148,1187,-73,-3,-8,0,1065,1002,966,895,1,0,0,1,1,-0.04471198524570868,0.2235799047460933,1.5449987137219576,-31,19,-1,-37,-11,10,51.2,-2,3,-1,1065,1002,966,895
327808,133557464,3,3,0,-26,6,4,6,7,-2,0,0,0,-89,-29,27,1512,-37,-11,10,512,1509,262,561,-39,-12,10,-747,-166,1231,-42,8,41,0,1039,978,981,929,1,0,0,1,1,-0.04503207800872646,0.22347901920826355,1.5449042875170078,-17,16,2,-37,-11,10,51.2,2,1,0,1039,978,981,929
327810,133557965,2,0,0,-26,6,4,10,2,-1,0,0,0,-89,-29,27,1512,-37,-11,10,512,1509,262,561,-39,-11,11,-747,-166,1231,-7,-9,55,0,1023,983,972,949,1,0,0,1,1,-0.045350278066515586,0.22338729467751703,1.5448012792114678,-14,8,3,-37,-11,10,51.2,2,0,-1,1023,983,972,949
327812,133558465,1,3,0,-26,6,4,8,1,0,0,0,0,-89,-29,27,1512,-37,-11,10,512,1509,262,561,-38,-13,11,-782,-181,1275,-3,-25,17,0,1031,986,971,941,1,0,0,1,1,-0.045658940360959785,0.2232783490893572,1.5446976327630164,-17,10,4,-37,-11,10,51.2,1,2,-1,1031,986,971,941
327814,133558966,-1,6,0,-26,6,4,5,3,0,0,0,0,-89,-29,27,1512,-37,-11,10,512,1509,262,561,-36,-14,11,-782,-181,1275,-34,-28,-32,0,1049,986,970,923,1,0,0,1,1,-0.04595064586088056,0.22316048029854468,1.544593337061562,-22,15,4,-37,-11,10,51.2,-1,3,-1,1049,986,970,923
327816,133559467,-1,2,0,-26,6,4,0,0,1,0,0,0,-89,-29,27,1512,-37,-11,10,512,1509,487,561,-36,-12,8,-808,-202,1318,-68,-12,-35,0,1051,1001,943,932,1,0,0,1,1,-0.0462484818695661,0.22305889799242956,1.5445167077915332,-27,8,5,-37,-11,10,51.2,-1,1,2,1051,1001,943,932
327818,133559968,-4,3,1,-26,6,4,-2,0,3,0,0,0,-89,-29,27,1512,-37,-11,10,512,1509,487,561,-35,-12,7,-808,-202,1318,-63,-2,12,0,1065,1006,928,928,1,0,0,1,1,-0.046539555473114606,0.2229569305034606,1.5444490064981364,-32,9,8,-37,-11,10,51.2,-2,1,3,1065,1006,928,928
327820,133560469,-6,2,2,-26,6,4,-8,0,3,0,0,0,-89,-29,27,1512,-37,-11,10,512,1509,487,561,-33,-12,8,-827,-215,1356,-28,-4,47,0,1079,1017,916,915,1,0,0,1,1,-0.04681116222152142,0.22285539026238235,1.5443723221688446,-40,8,9,-37,-11,10,51.2,-4,1,2,1079,1017,916,915
327822,133560970,-5,3,2,-26,6,4,-10,3,2,0,0,0,-89,-29,27,1512,-37,-11,10,512,1509,487,561,-34,-13,9,-827,-215,1356,0,-14,37,0,1086,1013,923,906,1,0,0,1,1,-0.04708944360343491,0.2227455481974065,1.5442862327120501,-41,12,8,-37,-11,10,51.2,-3,2,1,1086,1013,923,906
327824,133561470,-4,7,2,-26,6,4,-9,6,2,0,0,0,-89,-29,27,1512,-37,-11,10,512,1509,487,561,-34,-15,7,-853,-227,1392,-9,-33,-13,0,1096,997,936,899,1,0,0,1,1,-0.04737093305842445,0.22261768850073288,1.5442173135179704,-39,19,8,-37,-11,10,51.2,-3,4,3,1096,997,936,899
327826,133561971,0,9,4,-26,7,4,-2,9,3,0,0,0,-89,-29,27,1512,-37,-11,10,512,1509,487,561,-36,-16,6,-853,-227,1392,-44,-18,-41,0,1092,967,956,912,1,0,0,1,1,-0.04767235623818006,0.22248044241469841,1.54415674680977,-28,25,11,-37,-11,10,51.2,-1,5,4,1092,967,956,912
327828,133562472,0,8,5,-26,7,4,2,9,4,0,0,0,-89,-29,27,1512,-37,-11,10,512,1509,487,561,-37,-15,5,-871,-248,1437,-75,-16,-17,0,1083,956,961,928,1,0,0,1,1,-0.04798459145379788,0.22235152928090793,1.5441055228100504,-24,24,13,-37,-11,10,51.2,0,4,5,1083,956,961,928
327830,133562973,0,3,6,-26,7,4,5,2,4,0,0,0,-89,-29,27,1512,-37,-11,10,512,1509,487,561,-37,-12,5,-871,-248,1437,-64,5,30,0,1062,970,942,953,1,0,0,1,1,-0.04829710937193497,0.22224883346319502,1.5440555574181545,-21,12,14,-37,-11,10,51.2,0,1,5,1062,970,942,953
327832,133563464,0,0,6,-26,7,4,5,-3,2,0,0,0,-89,-29,27,1512,-37,-11,10,512,1509,487,561,-37,-11,8,-884,-261,1499,-23,-6,55,0,1045,989,931,963,1,0,0,1,1,-0.04876236258913319,0.22261076978239044,1.5440287707937093,-21,4,12,-37,-11,10,51.2,0,0,2,1045,989,931,963
327834,133563963,-1,1,5,-26,7,4,3,-5,0,0,0,0,-89,-29,27,1512,-37,-11,10,512,1509,487,561,-36,-11,10,-884,-261,1499,-1,-13,28,0,1041,1001,933,953,1,0,0,1,1,-0.049219276659625034,0.22297169097406358,1.543982614962062,-24,3,9,-37,-11,10,51.2,-1,0,0,1041,1001,933,953
327836,133564464,0,4,4,-26,7,4,2,-3,-2,0,0,0,-89,-29,27,1512,-37,-11,10,512,1509,487,561,-37,-13,10,-906,-275,1579,-15,-24,-11,0,1043,1000,944,940,1,0,0,1,1,-0.049694081693983795,0.2233175062620481,1.543940272557407,-24,8,6,-37,-11,10,51.2,0,2,0,1043,1000,944,940
327838,133564965,-1,6,3,-26,7,4,0,-1,-1,0,0,0,-89,-29,27,1512,-37,-11,10,512,1509,487,561,-36,-14,8,-906,-275,1579,-49,-16,-24,0,1056,1000,945,928,1,0,0,1,1,-0.05016334935325593,0.22365331186852885,1.543915023908744,-27,12,6,-37,-11,10,51.2,-1,3,2,1056,1000,945,928
327840,133565466,-3,3,4,-26,7,4,-2,-1,0,0,0,0,-89,-29,27,1512,-37,-11,10,512,1509,487,561,-35,-13,7,-916,-296,1661,-73,-5,2,0,1063,1007,931,927,1,0,0,1,1,-0.05064007603538315,0.22398956328594413,1.5439095963650118,-31,9,8,-37,-11,10,51.2,-2,2,3,1063,1007,931,927
327842,133565967,0,0,4,-26,7,4,0,-3,0,0,0,0,-89,-29,27,1512,-37,-11,10,512,1509,487,561,-37,-11,7,-916,-296,1661,-65,-3,30,0,1049,1002,931,947,1,0,0,1,1,-0.05113376270530848,0.22434277971992975,1.5439046643730667,-26,4,8,-37,-11,10,51.2,0,0,3,1049,1002,931,947
327844,133566467,2,0,5,-26,7,4,4,-3,1,0,0,0,-89,-29,27,1512,-37,-11,10,513,1509,487,561,-38,-11,6,-922,-307,1734,-26,-2,27,0,1037,989,939,966,1,0,0,1,1,-0.05164313951368687,0.22468623131875554,1.5439137851147424,-20,4,10,-37,-11,10,51.3,1,0,4,1037,989,939,966
327846,133566968,3,2,5,-26,7,4,9,-5,1,0,0,0,-89,-29,27,1512,-37,-11,10,513,1509,487,561,-39,-12,7,-922,-307,1734,-9,-25,4,0,1030,979,949,973,1,0,0,1,1,-0.05215899559542706,0.22502069302653524,1.5439128993273346,-14,4,10,-37,-11,10,51.3,2,1,3,1030,979,949,973
327848,133567469,7,2,5,-26,7,4,15,-6,1,0,0,0,-89,-29,27,1513,-37,-11,10,513,1509,487,561,-41,-12,7,-936,-319,1800,-23,-18,-15,0,1011,964,966,992,1,0,0,1,1,-0.05269897384174589,0.22535358894514973,1.5439166043648758,-4,3,10,-37,-11,10,51.3,4,1,3,1011,964,966,992
327850,133567970,8,2,5,-26,7,4,17,-4,0,0,0,0,-89,-29,27,1513,-37,-11,10,513,1509,487,561,-42,-12,8,-936,-319,1800,-52,-15,-5,0,1010,958,974,991,1,0,0,1,1,-0.053244798015612355,0.225686385435555,1.5439108234638041,-1,5,9,-37,-11,10,51.3,5,1,2,1010,958,974,991
327852,133568471,3,-1,4,-26,7,4,11,-4,-1,0,0,0,-89,-29,27,1513,-37,-11,10,513,1509,487,561,-39,-10,10,-940,-335,1855,-68,-1,24,0,1017,988,955,975,1,0,0,1,1,-0.05377117668823846,0.22602963188510833,1.5438961429061173,-12,2,7,-37,-11,10,51.3,2,-1,0,1017,988,955,975
327854,133568971,-3,1,3,-26,7,4,0,-5,-3,0,0,0,-89,-29,27,1513,-37,-11,10,513,1509,487,561,-35,-11,12,-940,-335,1855,-50,-7,31,0,1041,1020,937,938,1,0,0,1,1,-0.054257055303733995,0.22636467935463195,1.543862819938468,-29,3,4,-37,-11,10,51.3,-2,0,-2,1041,1020,937,938
327856,133569463,-1,1,0,-26,7,4,-4,-4,-6,0,0,0,-89,-29,27,1513,-37,-11,10,514,1509,487,561,-36,-12,14,-943,-341,1898,-21,-15,21,0,1039,1033,941,924,1,0,0,1,1,-0.05474533063927929,0.22668714166690815,1.5438156374259573,-31,4,-2,-37,-11,10,51.4,-1,1,-4,1039,1033,941,924
327858,133569962,2,0,0,-26,7,4,-1,-2,-6,0,0,0,-89,-29,27,1513,-37,-11,10,514,1509,487,561,-38,-11,13,-943,-341,1898,-18,-13,0,0,1028,1022,958,930,1,0,0,1,1,-0.055256203440113644,0.22701585977881258,1.5437755160541617,-25,5,-2,-37,-11,10,51.4,1,0,-3,1028,1022,958,930
327860,133570462,5,0,-1,-26,7,4,3,-3,-5,0,0,0,-89,-29,29,1513,-37,-11,10,514,1509,487,561,-40,-11,12,-952,-350,1949,-27,-18,-7,0,1014,1013,965,947,1,0,0,1,1,-0.05579158969775044,0.22734090983053315,1.5437474324343938,-18,4,-2,-37,-11,10,51.4,3,0,-2,1014,1013,965,947
327862,133570963,9,3,-2,-26,7,4,13,-1,-5,0,0,0,-89,-29,29,1513,-37,-11,10,514,1509,487,561,-42,-13,15,-952,-350,1949,-57,-15,13,0,999,981,1002,956,1,0,0,1,1,-0.0563378191141884,0.2276491987773705,1.543690650968255,-4,9,-3,-37,-11,10,51.4,5,2,-5,999,981,1002,956
327864,133571464,10,3,-4,-26,7,4,16,2,-7,0,0,0,-89,-29,29,1513,-37,-11,10,514,1509,487,561,-43,-13,16,-952,-361,2017,-67,-9,24,0,994,974,1020,952,1,0,0,1,1,-0.056895985279701515,0.22794417082548585,1.5436301798263794,0,12,-7,-37,-11,10,51.4,6,2,-6,994,974,1020,952
327866,133571965,5,0,-6,-26,7,4,9,1,-6,0,0,0,-89,-29,29,1514,-37,-11,10,514,1509,487,561,-40,-11,16,-952,-361,2017,-44,0,23,0,1003,1004,995,939,1,0,0,1,1,-0.05742710981437125,0.22825598262024024,1.5435701368972423,-12,8,-8,-37,-11,10,51.4,3,0,-6,1003,1004,995,939
327868,133572466,-1,2,-5,-26,7,4,-2,0,-2,0,0,0,-89,-29,29,1514,-37,-11,10,514,1509,487,561,-36,-12,11,-953,-362,2093,-17,-15,11,0,1043,1025,959,914,1,0,0,1,1,-0.057929300742853934,0.22854207493595952,1.5435536772792542,-29,9,-3,-37,-11,10,51.4,-1,1,-1,1043,1025,959,914
327870,133572966,-4,2,-2,-26,7,4,-11,2,2,0,0,0,-89,-29,29,1514,-37,-11,10,514,1509,487,561,-34,-12,6,-953,-362,2093,-3,-10,-1,0,1079,1028,928,906,1,0,0,1,1,-0.05842258371517248,0.22882519606729465,1.543581550547751,-41,11,4,-37,-11,10,51.4,-3,1,4,1079,1028,928,906
327872,133573467,-7,0,1,-26,7,4,-18,-1,8,0,0,0,-89,-29,29,1514,-37,-11,10,514,1489,487,561,-33,-11,3,-961,-367,2167,-25,-15,-2,0,1100,1039,889,914,1,0,0,1,1,-0.05870372834747076,0.2287307158250458,1.5435488683460528,-51,6,13,-37,-11,10,51.4,-4,0,7,1100,1039,889,914
327874,133573968,-4,0,4,-26,7,4,-18,-2,9,0,0,0,-89,-29,29,1514,-37,-11,10,514,1489,487,561,-35,-11,4,-961,-367,2167,-58,-15,7,0,1102,1029,883,928,1,0,0,1,1,-0.05900032652229498,0.22863676070696284,1.5435071957845663,-48,5,17,-37,-11,10,51.4,-2,0,6,1102,1029,883,928
327876,133574469,0,4,5,-26,7,4,-11,1,7,0,0,0,-89,-29,29,1514,-37,-11,11,514,1489,487,561,-37,-13,7,-957,-375,2227,-71,-12,6,0,1094,995,920,933,1,0,0,1,1,-0.059308078908558,0.22852691585180626,1.5434375443223618,-37,12,16,-37,-11,11,51.4,0,2,4,1094,995,920,933
327878,133574970,2,3,5,-26,7,4,-3,4,5,0,0,0,-89,-29,29,1514,-37,-11,11,514,1489,487,561,-38,-13,7,-957,-375,2227,-45,-8,3,0,1080,982,940,940,1,0,0,1,1,-0.05962457516527637,0.22841709247318198,1.5433678589499316,-27,14,14,-37,-11,11,51.4,1,2,4,1080,982,940,940
327880,133575470,4,0,6,-26,7,4,3,1,4,0,0,0,-89,-29,29,1514,-37,-11,11,514,1489,487,561,-39,-11,6,-956,-373,2277,-19,-9,3,0,1053,978,946,965,1,0,0,1,1,-0.05995143204319631,0.22832440938133253,1.543308294538602,-19,8,14,-37,-11,11,51.4,2,0,5,1053,978,946,965
327882,133575960,5,1,7,-26,7,4,8,0,4,0,0,0,-89,-29,29,1514,-37,-11,11,514,1489,487,561,-40,-12,5,-956,-373,2277,-9,-12,6,0,1045,964,956,978,1,0,0,1,1,-0.06028216598204799,0.2282245468480122,1.5432581269113252,-13,8,15,-37,-11,11,51.4,3,1,6,1045,964,956,978
327884,133576461,1,2,7,-26,7,4,6,2,3,0,0,0,-89,-29,29,1514,-37,-11,11,514,1489,487,561,-37,-12,6,-956,-373,2277,-24,-12,13,0,1060,970,950,963,1,0,0,1,1,-0.060592063891099716,0.22812298760657979,1.5431978413807546,-19,11,14,-37,-11,11,51.4,0,1,5,1060,970,950,963
327886,133576962,-3,4,7,-26,7,4,-2,1,1,0,0,0,-89,-29,29,1514,-37,-11,11,514,1489,487,561,-35,-13,7,-961,-373,2325,-57,-24,10,0,1080,997,931,935,1,0,0,1,1,-0.060882324693749046,0.22801324968402853,1.543128020799326,-31,12,12,-37,-11,11,51.4,-2,2,4,1080,997,931,935
327888,133577462,-5,6,7,-26,7,4,-10,4,0,0,0,0,-89,-29,29,1514,-37,-11,11,514,1489,487,561,-34,-14,8,-961,-373,2325,-65,-12,0,0,1103,1005,929,906,1,0,0,1,1,-0.061161136865022024,0.22789557295215043,1.5430488206742181,-41,17,11,-37,-11,11,51.4,-3,3,3,1103,1005,929,906
327890,133577963,-2,7,6,-26,7,4,-10,8,-1,0,0,0,-89,-29,29,1514,-37,-11,11,514,1489,487,561,-36,-14,9,-955,-371,2367,-44,-12,5,0,1100,998,945,900,1,0,0,1,1,-0.06145597328574174,0.2277782208699998,1.542960469388666,-38,22,9,-37,-11,11,51.4,-1,3,2,1100,998,945,900
327892,133578464,0,1,4,-26,7,4,-5,5,-3,0,0,0,-89,-29,29,1514,-37,-11,11,514,1489,487,561,-37,-12,10,-955,-371,2367,-17,-1,15,0,1071,1003,948,920,1,0,0,1,1,-0.06175778278334992,0.22767888946115689,1.5428642332859699,-31,13,5,-37,-11,11,51.4,0,1,1,1071,1003,948,920
327894,133578965,2,2,3,-26,7,4,0,0,-4,0,0,0,-89,-29,29,1514,-37,-11,11,514,1489,487,561,-38,-12,11,-954,-359,2404,-10,-14,25,0,1047,999,959,937,1,0,0,1,1,-0.06206631788281781,0.2275801295465852,1.5427590094895445,-24,9,3,-37,-11,11,51.4,1,1,0,1047,999,959,937
327896,133579466,5,2,2,-26,7,4,9,-2,-5,0,0,0,-89,-29,29,1514,-37,-11,11,514,1489,350,561,-40,-12,12,-954,-359,2404,-35,-18,18,0,1016,990,977,960,1,0,0,1,1,-0.06239032417210829,0.22748194826005716,1.542644797191254,-12,7,1,-37,-11,11,51.4,3,1,-1,1016,990,977,960
327898,133579966,6,4,2,-26,7,4,12,-1,-3,0,0,0,-89,-29,29,1514,-37,-11,11,514,1489,350,561,-40,-13,9,-955,-356,2437,-68,-18,-5,0,1017,977,986,963,1,0,0,1,1,-0.06271960772989,0.22737364852353448,1.5425570403045232,-8,10,3,-37,-11,11,51.4,3,2,2,1017,977,986,963
327900,133580467,3,4,3,-26,7,4,9,-1,0,0,0,0,-89,-29,29,1514,-37,-11,11,514,1489,350,561,-39,-13,7,-955,-356,2437,-67,-15,-13,0,1035,979,969,959,1,0,0,1,1,-0.06304484376915201,0.2272640579359987,1.5424869884306287,-14,10,7,-37,-11,11,51.4,2,2,4,1035,979,969,959
327902,133580968,4,7,4,-26,7,4,7,4,2,0,0,0,-89,-29,29,1514,-37,-11,11,514,1489,350,561,-39,-15,6,-945,-349,2457,-38,-9,5,0,1060,960,974,948,1,0,0,1,1,-0.06337184146447103,0.227136482704753,1.5424247216666815,-15,18,10,-37,-11,11,51.4,2,4,5,1060,960,974,948
327904,133581469,2,5,6,-26,7,4,4,6,3,0,0,0,-89,-29,29,1514,-37,-11,11,514,1489,350,561,-38,-14,6,-945,-349,2457,-9,-11,27,0,1070,963,963,946,1,0,0,1,1,-0.0636902219305829,0.2270176531578755,1.5423629862625363,-20,18,13,-37,-11,11,51.4,1,3,5,1070,963,963,946
327906,133581959,0,1,6,-26,7,4,-1,2,2,0,0,0,-89,-29,29,1514,-37,-11,11,514,1489,350,561,-37,-12,7,-944,-334,2459,-5,-10,32,0,1071,991,935,944,1,0,0,1,1,-0.06399134004796904,0.2269190665679985,1.5422949352905793,-27,10,12,-37,-11,11,51.4,0,1,4,1071,991,935,944
327908,133582459,-1,2,6,-26,7,4,-4,-1,1,0,0,0,-89,-29,29,1514,-37,-11,11,514,1489,350,561,-36,-12,8,-944,-334,2459,-37,-23,7,0,1071,1005,926,941,1,0,0,1,1,-0.06428786714797682,0.22681904886048232,1.5422165287463825,-31,8,11,-37,-11,11,51.4,-1,1,3,1071,1005,926,941
327910,133582962,0,4,6,-26,7,4,-4,0,0,0,0,0,-89,-29,29,1514,-37,-11,11,514,1489,350,561,-37,-13,8,-943,-332,2454,-73,-20,-22,0,1071,999,937,935,1,0,0,1,1,-0.0645948233224947,0.2267096939595688,1.5421370403101977,-30,11,10,-37,-11,11,51.4,0,2,3,1071,999,937,935
327912,133583463,3,6,6,-26,7,4,-1,0,0,0,0,0,-89,-29,29,1514,-37,-11,11,514,1489,350,561,-39,-14,7,-943,-332,2454,-71,-11,-18,0,1065,983,953,942,1,0,0,1,1,-0.06491992947203994,0.22659150586806892,1.5420662062503872,-24,13,10,-37,-11,11,51.4,2,3,4,1065,983,953,942
327914,133583962,2,5,6,-26,7,4,0,2,0,0,0,0,-89,-29,29,1514,-37,-11,11,514,1489,350,561,-38,-14,7,-931,-325,2443,-30,-11,15,0,1067,980,954,941,1,0,0,1,1,-0.06523502857614691,0.22647381125106567,1.5419956188221677,-24,14,10,-37,-11,11,51.4,1,3,4,1067,980,954,941
327916,133584463,0,7,6,-26,7,4,-1,6,0,0,0,0,-89,-29,29,1514,-37,-11,11,514,1489,350,561,-37,-14,8,-931,-325,2443,2,-8,41,0,1083,981,955,923,1,0,0,1,1,-0.06554063725312348,0.22635623885635545,1.541915759372746,-27,20,10,-37,-11,11,51.4,0,3,3,1083,981,955,923
327918,133584964,-2,6,5,-26,7,4,-6,7,-1,0,0,0,-89,-29,29,1514,-37,-11,11,514,1489,350,561,-35,-14,10,-930,-308,2429,-5,-18,32,0,1091,994,950,908,1,0,0,1,1,-0.0658247428522514,0.22623983924861543,1.541817960686954,-34,20,8,-37,-11,11,51.4,-2,3,1,1091,994,950,908
327920,133585464,-3,5,4,-26,7,4,-8,5,-2,0,0,0,-89,-29,29,1514,-37,-11,11,514,1489,350,561,-35,-13,10,-930,-308,2429,-45,-20,-7,0,1085,1009,942,906,1,0,0,1,1,-0.06610841729639788,0.22613240653103112,1.5417209175714959,-37,17,6,-37,-11,11,51.4,-2,2,1,1085,1009,942,906
327922,133585965,-5,3,3,-26,7,4,-11,0,-2,0,0,0,-89,-29,29,1514,-37,-11,11,514,1489,350,561,-34,-12,10,-928,-301,2418,-75,-14,-26,0,1080,1030,923,909,1,0,0,1,1,-0.06638405152842206,0.2260335099003288,1.5416242475262694,-42,10,5,-37,-11,11,51.4,-3,1,1,1080,1030,923,909
327924,133586466,-4,3,3,-26,7,4,-11,-2,-2,0,0,0,-89,-29,29,1514,-37,-11,11,514,1489,350,561,-35,-13,9,-928,-301,2418,-63,-1,-4,0,1077,1029,923,913,1,0,0,1,1,-0.06667030543579969,0.22592533285940902,1.5415359052857913,-41,8,5,-37,-11,11,51.4,-2,2,2,1077,1029,923,913
327926,133586967,0,2,4,-26,7,4,-4,-3,0,0,0,0,-89,-29,29,1514,-37,-11,11,514,1489,350,561,-37,-12,8,-915,-290,2405,-23,-4,34,0,1058,1013,934,938,1,0,0,1,1,-0.06697618795469185,0.22582532127052654,1.5414570837515642,-30,6,8,-37,-11,11,51.4,0,1,3,1058,1013,934,938
327928,133587468,0,3,4,-26,7,4,0,-3,0,0,0,0,-89,-29,29,1514,-37,-11,11,514,1489,350,561,-37,-12,7,-915,-290,2405,4,-10,47,0,1054,1001,939,948,1,0,0,1,1,-0.06728407497380041,0.22572474529796266,1.5413871840362408,-26,7,8,-37,-11,11,51.4,0,1,4,1054,1001,939,948
327930,133587968,1,3,4,-26,7,4,2,-3,0,0,0,0,-89,-29,29,1514,-37,-11,11,514,1489,350,561,-38,-12,8,-912,-276,2393,-19,-19,14,0,1049,994,946,953,1,0,0,1,1,-0.06759807552031433,0.22562498102852238,1.5413084597828322,-23,7,8,-37,-11,11,51.4,1,1,3,1049,994,946,953
327932,133588457,0,3,4,-26,7,4,3,-2,0,0,0,0,-89,-29,29,1514,-37,-11,11,514,1489,350,561,-37,-13,9,-912,-276,2393,-56,-23,-27,0,1049,994,948,950,1,0,0,1,1,-0.06789454864186227,0.2255194979913528,1.541222109056105,-23,8,8,-37,-11,11,51.4,0,2,2,1049,994,948,950
327934,133588958,0,1,5,-26,7,4,4,-6,0,0,0,0,-89,-29,29,1514,-37,-11,11,514,1489,350,561,-37,-11,7,-906,-270,2391,-76,-5,-33,0,1042,1001,936,961,1,0,0,1,1,-0.06820257253048473,0.2254277083956759,1.541152730887974,-22,2,9,-37,-11,11,51.4,0,0,4,1042,1001,936,961
327936,133589461,2,0,6,-26,7,4,5,-8,3,0,0,0,-89,-29,29,1514,-37,-11,11,514,1489,350,561,-38,-11,5,-906,-270,2391,-54,-2,5,0,1036,993,932,981,1,0,0,1,1,-0.06852462026689737,0.22533437179352026,1.5411010182919003,-19,-1,13,-37,-11,11,51.4,1,0,6,1036,993,932,981
327938,133589962,4,0,8,-26,7,4,7,-8,4,0,0,0,-89,-29,29,1514,-37,-11,11,514,1489,350,561,-39,-11,4,-891,-256,2384,-12,-7,46,0,1037,981,933,990,1,0,0,1,1,-0.06885612826959456,0.22524082125731523,1.5410584304300015,-15,-1,16,-37,-11,11,51.4,2,0,7,1037,981,933,990
327940,133590461,1,1,8,-26,7,4,4,-5,3,0,0,0,-89,-29,29,1514,-37,-11,11,514,1489,350,561,-38,-11,7,-891,-256,2384,5,-18,43,0,1050,988,929,973,1,0,0,1,1,-0.06917163115623129,0.22514946339619243,1.5409892427772878,-21,3,15,-37,-11,11,51.4,1,0,4,1050,988,929,973
327942,133590961,-3,4,7,-26,7,4,-2,0,0,0,0,0,-89,-29,29,1514,-37,-11,11,514,1489,350,561,-35,-13,9,-889,-244,2375,-24,-26,0,0,1075,999,933,934,1,0,0,1,1,-0.06945732480952384,0.22504174216700312,1.5409007864142303,-31,11,11,-37,-11,11,51.4,-2,2,2,1075,999,933,934
327944,133591462,-3,4,5,-26,7,4,-4,2,-2,0,0,0,-89,-29,29,1514,-37,-11,11,514,1489,350,561,-35,-13,11,-889,-244,2375,-66,-22,-31,0,1078,1004,942,917,1,0,0,1,1,-0.06973960090684177,0.22493504890058874,1.5407942271078436,-33,13,7,-37,-11,11,51.4,-2,2,0,1078,1004,942,917
327946,133591963,-3,5,4,-26,7,4,-5,4,-4,0,0,0,-89,-29,29,1514,-37,-11,11,514,1489,350,561,-35,-13,12,-883,-241,2372,-74,-3,-15,0,1075,1008,949,909,1,0,0,1,1,-0.07001988694458355,0.22482899672911155,1.5406786916418556,-34,16,4,-37,-11,11,51.4,-2,2,-1,1075,1008,949,909
327948,133592464,-5,2,3,-26,7,4,-9,1,-4,0,0,0,-89,-29,29,1514,-37,-11,11,514,1489,350,561,-34,-12,11,-883,-241,2372,-37,1,31,0,1073,1029,932,907,1,0,0,1,1,-0.07029356823326653,0.22473108351200796,1.5405727069111217,-40,10,3,-37,-11,11,51.4,-3,1,0,1073,1029,932,907
327950,133592965,-5,1,2,-26,7,4,-10,-3,-3,0,0,0,-89,-29,29,1514,-37,-11,11,514,1489,350,561,-34,-11,10,-869,-227,2367,3,-11,54,0,1067,1038,920,917,1,0,0,1,1,-0.07056938711401668,0.22464130436697136,1.540476276635557,-41,5,3,-37,-11,11,51.4,-3,0,1,1067,1038,920,917
327952,133593465,-3,0,3,-26,7,4,-6,-5,-1,0,0,0,-89,-29,29,1514,-37,-11,11,514,1501,350,561,-35,-11,9,-869,-227,2367,4,-19,28,0,1055,1033,920,933,1,0,0,1,1,-0.07085537333067901,0.2245511132637607,1.5403889436304534,-35,2,6,-37,-11,11,51.4,-2,0,2,1055,1033,920,933
327954,133593966,-2,1,3,-26,7,4,-4,-1,0,0,0,0,-89,-29,29,1514,-37,-11,11,514,1501,350,561,-36,-11,9,-867,-214,2351,-45,-22,-22,0,1060,1017,931,933,1,0,0,1,1,-0.07115067763575038,0.2244607669762196,1.5403014103915678,-32,7,7,-37,-11,11,51.4,-1,0,2,1060,1017,931,933
327956,133594456,1,1,4,-26,7,4,0,0,0,0,0,0,-89,-29,29,1514,-37,-11,11,514,1501,350,561,-38,-12,7,-867,-214,2351,-85,-6,-36,0,1052,997,944,948,1,0,0,1,1,-0.0714603586710727,0.22436267836955767,1.5402326459753133,-25,8,8,-37,-11,11,51.4,1,1,4,1052,997,944,948
327958,133594957,3,3,4,-26,7,4,8,-1,1,0,0,0,-89,-29,29,1514,-37,-11,11,514,1501,350,561,-39,-12,8,-861,-207,2320,-77,-3,1,0,1040,977,960,964,1,0,0,1,1,-0.07178374621481155,0.22426303724783872,1.5401533603822313,-15,9,9,-37,-11,11,51.4,2,1,3,1040,977,960,964
327960,133595457,3,3,4,-26,7,4,13,0,0,0,0,0,-89,-29,29,1514,-37,-11,11,514,1501,350,561,-39,-13,10,-861,-207,2320,-25,-1,49,0,1031,968,973,969,1,0,0,1,1,-0.07210237751619487,0.2241561733110277,1.540055702466824,-10,10,8,-37,-11,11,51.4,2,2,1,1031,968,973,969
327962,133595958,6,0,3,-26,7,4,15,-3,-1,0,0,0,-89,-29,29,1514,-37,-11,11,514,1501,350,561,-40,-11,10,-855,-192,2283,4,-17,51,0,1010,974,975,982,1,0,0,1,1,-0.0724306797936131,0.2240665692939653,1.5399591136185475,-5,4,6,-37,-11,11,51.4,3,0,1,1010,974,975,982
327964,133596460,9,-2,3,-26,7,4,18,-6,0,0,0,0,-89,-29,29,1514,-37,-11,11,514,1501,350,561,-42,-10,8,-855,-192,2283,-10,-22,0,0,993,970,974,1003,1,0,0,1,1,-0.07278128797973515,0.22398428329483652,1.5398808799243637,1,-1,7,-37,-11,11,51.4,5,-1,3,993,970,974,1003
327966,133596960,8,0,5,-26,7,4,17,-2,2,0,0,0,-89,-29,29,1514,-37,-11,11,514,1501,350,561,-42,-11,5,-860,-181,2256,-56,-22,-43,0,1015,956,974,995,1,0,0,1,1,-0.07313630027523578,0.22389173542091412,1.539829054423027,-1,5,11,-37,-11,11,51.4,5,0,6,1015,956,974,995
327968,133597461,6,3,6,-26,7,4,12,1,3,0,0,0,-89,-29,29,1514,-37,-11,11,514,1501,350,561,-40,-13,6,-860,-181,2256,-84,-7,-32,0,1041,953,970,977,1,0,0,1,1,-0.07347225603286058,0.2237822204468132,1.539766834075527,-8,11,13,-37,-11,11,51.4,3,2,5,1041,953,970,977
327970,133597961,5,1,6,-26,7,4,9,0,2,0,0,0,-89,-29,29,1514,-37,-11,11,514,1501,350,561,-40,-11,8,-857,-176,2238,-67,2,22,0,1038,966,960,976,1,0,0,1,1,-0.07380387192842792,0.22369163713222864,1.5396881712720552,-12,8,12,-37,-11,11,51.4,3,0,3,1038,966,960,976
327972,133598462,5,0,5,-26,7,4,7,-4,0,0,0,0,-89,-29,29,1514,-37,-11,11,514,1501,350,561,-40,-11,10,-857,-176,2238,-20,-10,59,0,1027,983,954,977,1,0,0,1,1,-0.07413218556634792,0.22360219348076327,1.5395914364225973,-14,3,9,-37,-11,11,51.4,3,0,1,1027,983,954,977
327974,133598963,2,-1,4,-26,7,4,2,-5,-1,0,0,0,-89,-29,29,1514,-37,-11,11,514,1501,350,561,-39,-10,10,-854,-162,2229,5,-15,40,0,1031,1006,940,964,1,0,0,1,1,-0.0744519045630051,0.22352149985370093,1.5394953412377408,-22,1,7,-37,-11,11,51.4,2,-1,1,1031,1006,940,964
327976,133599464,4,0,4,-26,7,4,-1,-1,-2,0,0,0,-89,-29,29,1514,-37,-11,11,514,1501,280,561,-39,-11,9,-854,-162,2229,-19,-30,-12,0,1044,1002,948,948,1,0,0,1,1,-0.074773459316714,0.22343146331317704,1.5394074934494784,-23,6,6,-37,-11,11,51.4,2,0,2,1044,1002,948,948
327978,133599965,0,0,4,-26,7,4,-7,-2,0,0,0,0,-89,-29,29,1514,-37,-11,11,514,1501,280,561,-37,-10,7,-860,-152,2238,-53,-8,-40,0,1061,1017,924,939,1,0,0,1,1,-0.0750816371085438,0.22334886051686173,1.5393381750935,-33,5,8,-37,-11,11,51.4,0,-1,4,1061,1017,924,939
327980,133600465,-1,3,6,-26,7,4,-11,2,2,0,0,0,-89,-29,29,1514,-37,-11,11,514,1501,280,561,-36,-12,4,-860,-152,2238,-77,-6,-14,0,1093,1005,921,922,1,0,0,1,1,-0.07538610284118494,0.2232470673719769,1.5392943932198904,-38,12,12,-37,-11,11,51.4,-1,1,7,1093,1005,921,922
327982,133600955,-3,4,7,-26,7,4,-13,5,3,0,0,0,-89,-29,29,1514,-37,-11,11,514,1501,280,561,-35,-13,5,-860,-152,2238,-50,3,36,0,1109,1001,917,914,1,0,0,1,1,-0.07567384348214498,0.2231394411419023,1.5392420508876286,-42,16,14,-37,-11,11,51.4,-2,2,6,1109,1001,917,914
327984,133601456,-5,5,8,-26,7,4,-13,8,3,0,0,0,-89,-29,29,1514,-37,-11,11,514,1501,280,561,-34,-14,6,-860,-162,2270,-9,-13,46,0,1118,998,920,905,1,0,0,1,1,-0.07595717090586207,0.22302135838335543,1.539178881909267,-44,20,15,-37,-11,11,51.4,-3,3,5,1118,998,920,905
327986,133601957,0,3,8,-26,7,4,-9,7,1,0,0,0,-89,-29,29,1514,-37,-11,11,514,1501,280,561,-37,-13,7,-860,-162,2270,-2,-24,14,0,1099,989,933,919,1,0,0,1,1,-0.07626490420373305,0.22291267961201872,1.5391074204094757,-35,17,13,-37,-11,11,51.4,0,2,4,1099,989,933,919
327988,133602457,1,4,8,-26,7,4,-6,6,0,0,0,0,-89,-29,29,1514,-37,-11,11,514,1501,280,561,-38,-13,7,-852,-190,2314,-32,-17,-26,0,1085,984,943,928,1,0,0,1,1,-0.07658075007917639,0.2228042397368419,1.5390360681818334,-31,17,12,-37,-11,11,51.4,1,2,4,1085,984,943,928
327990,133602958,0,0,7,-26,7,4,-4,1,0,0,0,0,-89,-29,29,1514,-37,-11,11,514,1501,280,561,-37,-11,8,-852,-190,2314,-62,-7,-27,0,1068,1000,931,941,1,0,0,1,1,-0.07688681264774255,0.2227137126284248,1.5389569790144475,-30,8,11,-37,-11,11,51.4,0,0,3,1068,1000,931,941
327992,133603459,0,2,7,-26,7,4,0,0,-1,0,0,0,-89,-29,29,1514,-37,-11,11,514,1501,280,561,-37,-12,8,-834,-219,2351,-75,2,15,0,1058,996,941,945,1,0,0,1,1,-0.07719272425084941,0.22261449107181835,1.538877171690964,-26,9,10,-37,-11,11,51.4,0,1,3,1058,996,941,945
327994,133603960,2,1,6,-26,7,4,4,-4,-1,0,0,0,-89,-29,29,1514,-37,-11,11,514,1501,280,561,-38,-11,8,-834,-219,2351,-45,-5,47,0,1038,993,945,964,1,0,0,1,1,-0.07750753358969692,0.22252401186004728,1.53879802832313,-20,4,9,-37,-11,11,51.4,1,0,3,1038,993,945,964
327996,133604461,6,-4,5,-26,7,4,9,-10,-2,0,0,0,-89,-29,29,1514,-37,-11,11,514,1501,280,561,-40,-9,10,-821,-237,2379,-15,-11,39,0,1002,1001,944,993,1,0,0,1,1,-0.07783619426753675,0.2224523534236665,1.5387023742991763,-11,-7,7,-37,-11,11,51.4,3,-2,1,1002,1001,944,993
327998,133604961,6,0,4,-26,7,4,10,-9,-3,0,0,0,-89,-29,29,1514,-37,-11,11,514,1501,280,561,-41,-10,11,-821,-237,2379,-12,-26,1,0,1002,996,958,984,1,0,0,1,1,-0.07817080662820503,0.2223728508607733,1.5385972697425676,-10,-2,5,-37,-11,11,51.4,4,-1,0,1002,996,958,984
328000,133605462,3,-1,3,-26,7,4,7,-9,-4,0,0,0,-89,-29,29,1514,-37,-11,11,514,1501,280,561,-39,-10,12,-814,-256,2410,-31,-11,-26,0,1009,1011,950,971,1,0,0,1,1,-0.07848663255653303,0.22229390754237344,1.5384829938371918,-16,-3,3,-37,-11,11,51.4,2,-1,-1,1009,1011,950,971
328002,133605963,2,-1,2,-26,7,4,5,-8,-4,0,0,0,-89,-29,29,1514,-37,-11,11,514,1501,280,561,-38,-10,12,-814,-256,2410,-64,-10,-8,0,1015,1016,949,961,1,0,0,1,1,-0.07879371815486012,0.22221499845618875,1.5383686951222963,-19,-2,2,-37,-11,11,51.4,1,-1,-1,1015,1016,949,961
328004,133606464,0,-1,1,-26,7,4,0,-8,-4,0,0,0,-89,-29,29,1514,-37,-11,11,514,1501,280,561,-37,-10,12,-796,-276,2436,-65,-1,28,0,1024,1031,936,949,1,0,0,1,1,-0.07909206358103385,0.22213612263502472,1.538254374314652,-26,-2,1,-37,-11,11,51.4,0,-1,-1,1024,1031,936,949
328006,133606953,0,-3,0,-26,7,4,-4,-6,-4,0,0,0,-89,-29,29,1514,-37,-11,11,514,1501,280,561,-36,-9,12,-796,-276,2436,-36,-6,45,0,1032,1040,929,939,1,0,0,1,1,-0.07937488416846557,0.22206767457914472,1.5381434651734587,-30,-2,0,-37,-11,11,51.4,-1,-2,-1,1032,1040,929,939
328008,133607454,1,-3,0,-26,7,4,-4,-5,-3,0,0,0,-89,-29,29,1514,-37,-11,11,514,1501,280,561,-38,-9,11,-787,-285,2445,-10,-17,20,0,1034,1032,933,941,1,0,0,1,1,-0.07968410407137402,0.2219968848884508,1.5380387496456294,-29,-1,1,-37,-11,11,51.4,1,-2,0,1034,1032,933,941
328010,133607955,6,0,1,-26,7,4,2,-2,0,0,0,0,-89,-29,29,1514,-37,-11,11,514,1501,280,561,-40,-11,8,-787,-285,2445,-10,-23,-11,0,1029,999,954,959,1,0,0,1,1,-0.08001640053785511,0.22190659962367806,1.53795938486227,-18,5,5,-37,-11,11,51.4,3,0,3,1029,999,954,959
328012,133608456,4,1,2,-26,7,4,4,1,2,0,0,0,-89,-29,29,1514,-37,-11,11,514,1501,280,561,-40,-11,8,-782,-298,2442,-37,-16,-17,0,1042,982,959,957,1,0,0,1,1,-0.08034869758218395,0.22181634008961926,1.5378799909444072,-18,9,8,-37,-11,11,51.4,3,0,3,1042,982,959,957
328014,133608957,1,0,3,-26,7,4,1,4,2,0,0,0,-89,-29,29,1514,-37,-11,11,514,1501,280,561,-38,-11,8,-782,-298,2442,-66,-5,5,0,1060,985,952,943,1,0,0,1,1,-0.08066350736633654,0.2217261049413642,1.5378005695184842,-24,11,9,-37,-11,11,51.4,1,0,3,1060,985,952,943
328016,133609459,0,0,3,-26,7,4,-1,3,2,0,0,0,-89,-29,29,1514,-37,-11,11,514,1501,280,561,-37,-10,8,-766,-310,2433,-69,-6,24,0,1062,994,942,942,1,0,0,1,1,-0.08097034416022006,0.2216444463436257,1.5377216891850751,-27,10,9,-37,-11,11,51.4,0,-1,3,1062,994,942,942
328018,133609958,-2,0,4,-26,7,4,-5,4,2,0,0,0,-89,-29,29,1514,-37,-11,11,514,1501,280,561,-35,-10,8,-766,-310,2433,-29,-3,21,0,1077,1004,929,930,1,0,0,1,1,-0.08125793014895372,0.22156329774231015,1.5376432577653354,-33,11,10,-37,-11,11,51.4,-2,-1,3,1077,1004,929,930
328020,133610459,0,3,4,-26,7,4,-6,7,2,0,0,0,-89,-29,29,1514,-37,-11,11,514,1501,280,561,-37,-12,8,-758,-314,2428,-16,-21,1,0,1085,990,942,923,1,0,0,1,1,-0.08156383834153136,0.22146441736744035,1.5375630273604575,-32,17,10,-37,-11,11,51.4,0,1,3,1085,990,942,923
328022,133610960,5,-2,5,-26,7,4,0,1,2,0,0,0,-89,-29,29,1514,-37,-11,11,514,1501,280,561,-40,-9,8,-758,-314,2428,-22,-8,-9,0,1049,989,943,960,1,0,0,1,1,-0.08189646071435867,0.221391707372563,1.5374849646872923,-21,6,11,-37,-11,11,51.4,3,-2,3,1049,989,943,960
328024,133611461,6,0,5,-26,7,4,5,0,1,0,0,0,-89,-29,29,1514,-37,-11,11,514,1501,280,561,-40,-11,8,-752,-325,2437,-44,-14,2,0,1041,976,957,967,1,0,0,1,1,-0.0822287614983929,0.22130159360485996,1.5374054061811546,-15,7,10,-37,-11,11,51.4,3,0,3,1041,976,957,967
328026,133611961,0,0,5,-26,7,4,2,0,0,0,0,0,-89,-29,29,1514,-37,-11,11,514,1501,280,561,-37,-11,9,-752,-325,2437,-65,-7,22,0,1049,994,944,953,1,0,0,1,1,-0.08253226433310745,0.22121240279038268,1.537317065770714,-24,7,9,-37,-11,11,51.4,0,0,2,1049,994,944,953
328028,133612462,-4,0,4,-26,7,4,-5,0,0,0,0,0,-89,-29,29,1514,-37,-11,11,514,1501,280,561,-34,-10,9,-737,-332,2453,-53,-4,23,0,1068,1019,923,930,1,0,0,1,1,-0.08281030630429037,0.22113177173198428,1.537229266328513,-35,7,8,-37,-11,11,51.4,-3,-1,2,1068,1019,923,930
328030,133612963,-2,-1,4,-26,7,4,-7,0,0,0,0,0,-89,-29,29,1514,-37,-11,11,514,1501,280,561,-36,-10,8,-737,-332,2453,-22,-12,10,0,1066,1021,920,933,1,0,0,1,1,-0.0831077965928993,0.22105044013446037,1.5371503752967244,-35,6,8,-37,-11,11,51.4,-1,-1,3,1066,1021,920,933
328032,133613452,-3,0,4,-26,7,4,-8,1,0,0,0,0,-89,-29,29,1514,-37,-11,11,514,1454,280,561,-35,-11,8,-731,-329,2473,-6,-3,2,0,1077,1017,923,924,1,0,0,1,1,-0.08338946884780744,0.2209625727568854,1.5370726237583603,-37,8,8,-37,-11,11,51.4,-2,0,3,1077,1017,923,924
328034,133613953,-1,2,5,-26,7,4,-8,3,0,0,0,0,-89,-29,29,1514,-37,-11,11,514,1454,280,561,-36,-12,8,-731,-329,2473,-18,-18,0,0,1081,1005,932,922,1,0,0,1,1,-0.08368663523082878,0.22086385875601466,1.5369921892402334,-35,12,9,-37,-11,11,51.4,-1,1,3,1081,1005,932,922
328036,133614454,2,2,5,-26,7,4,-1,1,0,0,0,0,-89,-29,29,1514,-37,-11,11,514,1454,280,561,-39,-12,8,-726,-335,2497,-45,-14,14,0,1059,990,948,944,1,0,0,1,1,-0.08401003488384172,0.22076517014060054,1.5369117237903582,-25,10,9,-37,-11,11,51.4,2,1,3,1059,990,948,944
328038,133614955,4,1,4,-26,7,4,4,1,0,0,0,0,-89,-29,29,1514,-37,-11,11,514,1454,280,561,-39,-11,9,-726,-335,2497,-69,-15,14,0,1044,983,957,956,1,0,0,1,1,-0.08433164554450347,0.22067595648343868,1.5368230527007167,-18,9,8,-37,-11,11,51.4,2,0,2,1044,983,957,956
328040,133615455,1,-3,3,-26,7,4,4,-1,-2,0,0,0,-89,-29,29,1514,-37,-11,11,514,1454,280,561,-38,-9,12,-712,-335,2520,-53,-3,11,0,1030,1005,946,959,1,0,0,1,1,-0.08463836900608131,0.22060655192715017,1.5367093099679936,-21,3,5,-37,-11,11,51.4,1,-2,-1,1030,1005,946,959
328042,133615956,2,0,2,-26,7,4,4,0,-4,0,0,0,-89,-29,29,1514,-37,-11,11,514,1454,280,561,-38,-11,13,-712,-335,2520,-28,-10,10,0,1032,1000,963,945,1,0,0,1,1,-0.0849434254006011,0.22052035947373164,1.5365848702475895,-20,7,2,-37,-11,11,51.4,1,0,-2,1032,1000,963,945
328044,133616457,2,0,1,-26,7,4,5,0,-3,0,0,0,-89,-29,29,1514,-37,-11,11,514,1454,280,561,-38,-11,11,-710,-327,2546,-7,-11,12,0,1031,997,966,946,1,0,0,1,1,-0.0852523913230371,0.22043271499468073,1.5364782627639246,-19,7,2,-37,-11,11,51.4,1,0,0,1031,997,966,946
328046,133616958,4,2,1,-26,7,4,5,0,-1,0,0,0,-87,-29,29,1514,-37,-11,11,514,1454,280,561,-39,-12,9,-710,-327,2546,-29,-13,14,0,1033,989,967,952,1,0,0,1,1,-0.08557384067253075,0.22033489679216778,1.536388718897868,-17,9,4,-37,-11,11,51.4,2,1,2,1033,989,967,952
328048,133617459,7,1,2,-26,7,4,8,-1,0,0,0,0,-87,-29,29,1514,-37,-11,11,514,1454,280,561,-41,-12,9,-706,-329,2573,-57,-25,10,0,1027,978,970,966,1,0,0,1,1,-0.08591277977290677,0.22023710821106787,1.5362991430230521,-11,7,6,-37,-11,11,51.4,4,1,2,1027,978,970,966
328050,133617960,2,2,2,-26,7,4,5,2,0,0,0,0,-87,-29,29,1514,-37,-11,11,514,1454,280,561,-38,-12,11,-706,-329,2573,-68,-10,-2,0,1044,983,968,945,1,0,0,1,1,-0.08622158997032443,0.22014085299565295,1.5361916836705438,-19,11,6,-37,-11,11,51.4,1,1,0,1044,983,968,945
328052,133618460,-4,-2,1,-26,7,4,-4,0,-1,0,0,0,-87,-29,29,1514,-37,-11,11,514,1454,280,561,-34,-10,11,-694,-325,2586,-47,-6,-3,0,1059,1027,929,926,1,0,0,1,1,-0.08649521744874164,0.22006220655448316,1.5360859592175231,-34,5,4,-37,-11,11,51.4,-3,-1,0,1059,1027,929,926
328054,133618961,-6,-1,1,-26,7,4,-13,0,0,0,0,0,-87,-29,29,1514,-37,-11,11,514,1454,280,561,-33,-10,9,-694,-325,2586,-15,-2,9,0,1078,1044,908,911,1,0,0,1,1,-0.08676454763157204,0.21998191484740579,1.5359978563925671,-45,6,5,-37,-11,11,51.4,-4,-1,2,1078,1044,908,911
328056,133619462,-5,0,3,-26,7,4,-16,-1,2,0,0,0,-87,-29,29,1514,-37,-11,11,514,1454,185,561,-34,-11,6,-693,-317,2583,-4,-7,21,0,1086,1037,902,915,1,0,0,1,1,-0.08704829583023141,0.21989065553816847,1.5359357311320583,-47,6,9,-37,-11,11,51.4,-3,0,5,1086,1037,902,915
328058,133619951,-4,0,4,-26,7,4,-14,-2,4,0,0,0,-87,-29,29,1514,-37,-11,11,514,1454,185,561,-34,-11,6,-693,-317,2583,-23,-15,20,0,1087,1028,898,927,1,0,0,1,1,-0.08732524769887759,0.21980159846351632,1.5358750698632897,-44,5,12,-37,-11,11,51.4,-3,0,5,1087,1028,898,927
328060,133620452,1,0,6,-26,7,4,-5,-4,4,0,0,0,-87,-29,29,1514,-37,-11,11,514,1454,185,561,-38,-11,6,-690,-316,2566,-60,-27,-1,0,1063,1003,916,958,1,0,0,1,1,-0.08764397163300026,0.2197103752855652,1.535812891416171,-30,3,14,-37,-11,11,51.4,1,0,5,1063,1003,916,958
328062,133620953,4,0,7,-26,7,4,4,-3,4,0,0,0,-87,-29,29,1514,-37,-11,11,514,1454,185,561,-39,-11,6,-690,-316,2566,-70,-11,-14,0,1046,981,936,976,1,0,0,1,1,-0.0879714388089506,0.21961917198425346,1.5357506836307744,-18,4,15,-37,-11,11,51.4,2,0,5,1046,981,936,976
328064,133621453,0,1,7,-26,7,4,3,2,3,0,0,0,-87,-29,29,1514,-37,-11,11,514,1454,185,561,-37,-12,6,-682,-305,2540,-44,-5,-2,0,1065,976,943,957,1,0,0,1,1,-0.08828062736224124,0.21951947681083195,1.5356877841155399,-23,10,14,-37,-11,11,51.4,0,1,5,1065,976,943,957
328066,133621954,0,0,7,-26,7,4,1,3,2,0,0,0,-87,-29,29,1514,-37,-11,11,514,1454,185,561,-36,-11,7,-682,-305,2540,-8,-2,24,0,1066,983,939,952,1,0,0,1,1,-0.0885799195293876,0.21942908413470352,1.5356165981593608,-25,10,13,-37,-11,11,51.4,-1,0,4,1066,983,939,952
328068,133622455,-2,0,6,-26,7,4,-2,2,0,0,0,0,-87,-29,29,1514,-36,-11,11,514,1454,185,561,-35,-11,9,-686,-294,2512,6,-6,39,0,1070,1001,932,937,1,0,0,1,1,-0.08886658514420076,0.21934026375483334,1.535527539961659,-30,9,10,-36,-11,11,51.4,-1,0,2,1070,1001,932,937
328070,133622958,0,0,4,-26,7,4,-1,1,-3,0,0,0,-87,-29,29,1514,-36,-11,11,514,1454,185,561,-37,-11,11,-686,-294,2512,-31,-17,19,0,1053,1004,945,938,1,0,0,1,1,-0.08916805826432452,0.2192526790339433,1.5354201829334069,-27,8,5,-36,-11,11,51.4,1,0,0,1053,1004,945,938
328072,133623457,4,0,3,-26,7,4,1,-1,-3,0,0,0,-87,-29,29,1514,-36,-11,11,514,1454,185,561,-39,-11,10,-686,-294,2512,-74,-23,-16,0,1035,1000,956,950,1,0,0,1,1,-0.08948648787866972,0.2191650454001212,1.5353225404767659,-21,6,4,-36,-11,11,51.4,3,0,1,1035,1000,956,950
328074,133623958,3,3,3,-26,7,4,4,1,-2,0,0,0,-74,-29,30,1514,-36,-11,11,514,1454,185,561,-38,-13,8,-681,-293,2486,-76,-15,-22,0,1044,984,966,947,1,0,0,1,1,-0.08980098250629175,0.21905810424130726,1.535240718041167,-19,11,5,-36,-11,11,51.4,2,2,3,1044,984,966,947
328076,133624458,1,2,4,-26,7,4,5,5,0,0,0,0,-74,-29,30,1514,-36,-11,11,514,1454,185,561,-37,-12,8,-681,-293,2486,-41,-3,7,0,1057,976,965,942,1,0,0,1,1,-0.09010629856472346,0.21896009210706713,1.5351598319758528,-20,14,8,-36,-11,11,51.4,1,1,3,1057,976,965,942
328078,133624959,0,1,5,-26,7,4,0,4,0,0,0,0,-74,-29,30,1514,-36,-11,11,514,1454,185,561,-36,-11,8,-673,-280,2459,-3,-7,40,0,1066,990,947,937,1,0,0,1,1,-0.09040365779411964,0.21887061585696782,1.5350795647240254,-26,12,9,-36,-11,11,51.4,0,0,3,1066,990,947,937
328080,133625460,1,0,4,-26,7,4,-2,3,0,0,0,0,-74,-29,30,1514,-36,-11,11,514,1454,185,561,-36,-11,10,-673,-280,2459,0,-9,43,0,1060,997,946,937,1,0,0,1,1,-0.09069714610579431,0.21878274689922805,1.534981430200978,-27,10,8,-36,-11,11,51.4,0,0,1,1060,997,946,937
328082,133625950,0,3,3,-26,7,4,-3,4,-2,0,0,0,-74,-29,30,1514,-35,-11,11,514,1454,185,561,-35,-13,12,-678,-268,2437,-35,-22,3,0,1067,1000,955,918,1,0,0,1,1,-0.09097151227330995,0.21868135366460592,1.5348663868023324,-29,14,5,-35,-11,11,51.4,0,2,-1,1067,1000,955,918
328084,133626451,3,2,2,-26,7,4,-2,2,-3,0,0,0,-74,-29,30,1514,-35,-11,11,514,1454,185,561,-37,-12,11,-678,-268,2437,-80,-19,-31,0,1050,1000,959,931,1,0,0,1,1,-0.09127164189455723,0.21858562924405167,1.5347584681458688,-25,11,3,-35,-11,11,51.4,2,1,0,1050,1000,959,931
328086,133626952,6,3,2,-26,7,4,1,1,-2,0,0,0,-74,-29,30,1514,-35,-11,11,514,1454,185,561,-38,-13,9,-673,-264,2418,-74,-7,-17,0,1044,986,968,941,1,0,0,1,1,-0.09158420945625992,0.21847963053999334,1.5346675413386257,-19,11,4,-35,-11,11,51.4,3,2,2,1044,986,968,941
328088,133627452,5,3,2,-26,7,4,2,4,0,0,0,0,-74,-29,30,1514,-34,-11,11,514,1454,185,561,-37,-13,9,-673,-264,2418,-31,-3,25,0,1051,980,968,942,1,0,0,1,1,-0.09188742919874329,0.2183738702745477,1.5345767653042048,-19,14,6,-34,-11,11,51.4,3,2,2,1051,980,968,942
328090,133627953,0,2,3,-26,7,4,-2,3,0,0,0,0,-74,-29,30,1514,-34,-11,11,514,1454,185,561,-34,-12,9,-666,-249,2394,13,-5,54,0,1065,995,950,930,1,0,0,1,1,-0.09216520423971973,0.2182766301317155,1.5344866040421854,-28,12,7,-34,-11,11,51.4,0,1,2,1065,995,950,930
328092,133628454,2,1,3,-26,7,4,-5,0,0,0,0,0,-74,-29,30,1514,-34,-11,11,514,1454,185,561,-35,-11,9,-666,-249,2394,-1,-19,30,0,1058,1004,940,939,1,0,0,1,1,-0.09245190447295283,0.21818812196943904,1.5343972430498982,-29,8,7,-34,-11,11,51.4,1,0,2,1058,1004,940,939
328094,133628955,8,1,3,-26,7,4,0,-1,0,0,0,0,-74,-29,30,1514,-33,-11,11,514,1454,185,561,-38,-11,9,-673,-239,2376,-47,-19,-21,0,1039,987,955,959,1,0,0,1,1,-0.09276483896604147,0.21809964111228453,1.5343078554458,-18,7,7,-33,-11,11,51.4,5,0,2,1039,987,955,959
328096,133629456,9,0,4,-26,7,4,1,-1,1,0,0,0,-74,-29,30,1514,-33,-11,11,514,1454,185,561,-38,-11,7,-673,-239,2376,-85,-13,-42,0,1037,982,954,967,1,0,0,1,1,-0.09308163283625075,0.2180095621221638,1.5342362758858856,-16,6,9,-33,-11,11,51.4,5,0,4,1037,982,954,967
328098,133629956,12,2,5,-26,7,4,6,-2,3,0,0,0,-74,-29,30,1514,-32,-11,11,514,1454,185,561,-39,-12,5,-673,-239,2376,-71,-5,-7,0,1032,962,963,984,1,0,0,1,1,-0.09341018920811606,0.21790936907640437,1.53418177516531,-8,7,12,-32,-11,11,51.4,7,1,6,1032,962,963,984
328100,133630457,14,4,7,-26,7,4,11,0,4,0,0,0,-74,-29,30,1514,-32,-11,11,514,1454,185,561,-40,-13,5,-681,-253,2375,-23,-5,43,0,1033,939,979,989,1,0,0,1,1,-0.0937479641217938,0.21780028796692993,1.534126293559015,-1,11,15,-32,-11,11,51.4,8,2,6,1033,939,979,989
328102,133630958,12,1,7,-26,7,4,10,0,3,0,0,0,-74,-29,30,1514,-32,-11,11,514,1454,185,561,-39,-11,7,-681,-253,2375,9,-14,54,0,1030,950,970,991,1,0,0,1,1,-0.09407350427327148,0.21771027833753698,1.5340546272704763,-4,8,14,-32,-11,11,51.4,7,0,4,1030,950,970,991
328104,133631459,10,1,7,-26,7,4,3,0,1,0,0,0,-74,-29,30,1514,-32,-11,11,514,1454,185,561,-37,-11,8,-689,-292,2391,-12,-17,13,0,1039,969,958,975,1,0,0,1,1,-0.09437963178793887,0.2176211143166644,1.5339740185499973,-13,8,12,-32,-11,11,51.4,5,0,3,1039,969,958,975
328106,133631960,12,-1,6,-26,7,4,0,-3,0,0,0,0,-74,-29,30,1514,-31,-11,11,514,1454,185,561,-38,-10,9,-689,-292,2391,-59,-23,-33,0,1029,984,951,977,1,0,0,1,1,-0.09469276256373936,0.21754150678157835,1.5338853143644418,-14,3,10,-31,-11,11,51.4,7,-1,2,1029,984,951,977
328108,133632449,12,-2,5,-26,7,4,0,-6,-1,0,0,0,-74,-29,30,1514,-31,-11,11,514,1454,185,561,-38,-10,10,-686,-331,2408,-86,-2,-28,0,1018,997,946,978,1,0,0,1,1,-0.09499651754871036,0.21746464138764815,1.5337900109268539,-14,-1,8,-31,-11,11,51.4,7,-1,1,1018,997,946,978
328110,133632949,11,-3,4,-26,7,4,-1,-9,-2,0,0,0,-74,-29,30,1514,-31,-11,11,514,1454,185,561,-37,-9,10,-686,-331,2408,-58,1,21,0,1013,1010,938,979,1,0,0,1,1,-0.09529856407001028,0.21739476271293456,1.5336933914045785,-16,-5,6,-31,-11,11,51.4,6,-2,1,1013,1010,938,979
328112,133633450,12,0,4,-25,7,4,-2,-6,-2,0,0,0,-74,-29,30,1514,-31,-11,11,514,1504,185,561,-37,-11,9,-684,-356,2417,-12,-8,57,0,1025,997,951,968,1,0,0,1,1,-0.0956027717019024,0.2173065298750958,1.5336037626953454,-15,1,6,-31,-11,11,51.4,6,0,2,1025,997,951,968
328114,133633951,12,1,4,-25,7,4,-1,-2,-1,0,0,0,-74,-29,30,1514,-31,-11,11,514,1504,185,561,-38,-12,9,-684,-356,2417,7,-18,38,0,1032,984,961,963,1,0,0,1,1,-0.09591554131129064,0.2172096205228517,1.5335132498970672,-14,6,7,-31,-11,11,51.4,7,1,2,1032,984,961,963
328116,133634452,15,1,5,-25,7,4,1,0,0,0,0,0,-74,-29,30,1514,-31,-11,11,514,1504,185,561,-39,-11,7,-690,-385,2433,-24,-25,-17,0,1030,968,969,973,1,0,0,1,1,-0.09624108179430096,0.21711976277858486,1.5334413933328177,-9,8,9,-31,-11,11,51.4,8,0,4,1030,968,969,973
328118,133634953,17,0,5,-25,7,4,6,2,1,0,0,0,-74,-29,30,1514,-30,-11,11,514,1504,185,561,-40,-11,7,-690,-385,2433,-72,-15,-43,0,1023,952,979,985,1,0,0,1,1,-0.09657536636401455,0.2170299284956915,1.533369507436806,-2,9,10,-30,-11,11,51.4,10,0,4,1023,952,979,985
328120,133635453,18,0,6,-25,7,4,8,3,0,0,0,0,-74,-29,30,1514,-30,-11,11,514,1504,185,561,-40,-11,8,-686,-412,2450,-83,1,-9,0,1020,947,986,988,1,0,0,1,1,-0.09690706928285306,0.21694114125848957,1.5332888416452533,1,10,10,-30,-11,11,51.4,10,0,3,1020,947,986,988
328122,133635954,15,0,5,-25,7,4,5,1,-1,0,0,0,-74,-29,30,1514,-30,-11,11,514,1504,185,561,-38,-11,11,-686,-412,2450,-43,4,49,0,1023,965,977,975,1,0,0,1,1,-0.09721619644434568,0.2168547475708324,1.5331812528512225,-5,8,8,-30,-11,11,51.4,8,0,0,1023,965,977,975
328124,133636457,7,1,3,-25,7,4,-4,-1,-2,0,0,0,-74,-29,30,1514,-30,-11,12,514,1504,185,561,-34,-11,11,-687,-426,2460,9,-13,63,0,1042,999,952,947,1,0,0,1,1,-0.09749144595473479,0.216768038041479,1.533073212173873,-22,7,5,-30,-11,12,51.4,4,0,1,1042,999,952,947
328126,133636956,7,1,3,-25,7,4,-10,0,-3,0,0,0,-74,-25,30,1514,-30,-11,12,514,1504,185,561,-34,-12,11,-687,-426,2460,10,-20,18,0,1052,1009,946,934,1,0,0,1,1,-0.09776432457328779,0.21667337902139405,1.5329651382187128,-28,8,4,-30,-11,12,51.4,4,1,1,1052,1009,946,934
328128,133637457,6,0,3,-25,7,4,-14,0,-2,0,0,0,-74,-25,30,1514,-30,-11,12,514,1504,185,561,-34,-11,10,-691,-445,2470,-34,-21,-32,0,1061,1018,934,927,1,0,0,1,1,-0.09804040399824798,0.21658621586478932,1.532866393347911,-33,7,5,-30,-11,12,51.4,4,0,2,1061,1018,934,927
328130,133637957,7,-1,3,-25,7,4,-16,-1,-1,0,0,0,-74,-25,30,1514,-30,-11,12,514,1504,185,561,-34,-10,10,-691,-445,2470,-78,-11,-38,0,1059,1022,927,932,1,0,0,1,1,-0.09831612351732363,0.2165079377101762,1.532768699988046,-34,5,6,-30,-11,12,51.4,4,-1,2,1059,1022,927,932
328132,133638447,10,2,3,-25,7,4,-12,2,0,0,0,0,-74,-25,30,1514,-30,-11,12,514,1504,185,561,-36,-12,9,-686,-460,2478,-79,-3,6,0,1062,998,948,932,1,0,0,1,1,-0.09860493791055976,0.21641338891480638,1.5326799293942286,-27,11,7,-30,-11,12,51.4,6,1,3,1062,998,948,932
328134,133638948,12,5,4,-25,7,4,-5,5,2,0,0,0,-74,-25,30,1514,-30,-11,12,514,1504,185,561,-37,-13,6,-686,-460,2478,-34,-6,45,0,1063,967,965,943,1,0,0,1,1,-0.0989145296770125,0.21630545275669175,1.5326149806299991,-18,17,10,-30,-11,12,51.4,7,2,6,1063,967,965,943
328136,133639449,15,2,6,-25,7,4,3,4,3,0,0,0,-74,-25,30,1514,-30,-11,12,514,1504,185,561,-38,-12,7,-687,-464,2486,7,-13,43,0,1042,948,975,972,1,0,0,1,1,-0.09923114387460087,0.21620710415203284,1.5325419766693855,-7,13,13,-30,-11,12,51.4,8,1,5,1042,948,975,972
328138,133639949,14,4,5,-25,7,4,6,4,1,0,0,0,-74,-25,30,1514,-30,-11,12,513,1504,305,561,-38,-13,9,-687,-464,2486,-4,-26,2,0,1039,944,984,969,1,0,0,1,1,-0.09954312421855259,0.21610202541895138,1.5324504198709539,-5,15,10,-30,-11,12,51.3,8,2,3,1039,944,984,969
328140,133640450,10,4,5,-25,7,4,2,4,0,0,0,0,-74,-25,30,1513,-30,-10,12,513,1504,305,561,-36,-13,10,-691,-475,2495,-41,-17,-30,0,1045,961,975,955,1,0,0,1,1,-0.09983633431375218,0.21599763451645274,1.532349742726197,-13,15,9,-30,-10,12,51.3,6,3,2,1045,961,975,955
328142,133640951,9,0,5,-25,7,4,-4,0,0,0,0,0,-74,-25,30,1513,-30,-10,12,513,1504,305,561,-35,-10,9,-691,-475,2495,-79,-7,-14,0,1044,990,947,953,1,0,0,1,1,-0.10012328564470606,0.21591849850315778,1.5322606289661262,-20,7,9,-30,-10,12,51.3,5,0,3,1044,990,947,953
328144,133641452,5,-1,4,-25,7,4,-12,-4,0,0,0,0,-74,-25,30,1513,-30,-10,12,513,1504,305,561,-33,-10,9,-688,-481,2495,-61,5,31,0,1053,1018,918,943,1,0,0,1,1,-0.10039275131951805,0.21583938594793717,1.532171494924771,-32,2,8,-30,-10,12,51.3,3,0,3,1053,1018,918,943
328146,133641953,4,1,3,-25,7,4,-14,-4,-2,0,0,0,-74,-25,30,1513,-30,-10,12,513,1504,305,561,-32,-11,12,-688,-481,2495,-18,-11,54,0,1058,1023,923,928,1,0,0,1,1,-0.10064756362800911,0.21575423208836694,1.5320547228186636,-35,4,5,-30,-10,12,51.3,2,1,0,1058,1023,923,928
328148,133642453,7,4,1,-25,7,4,-9,-1,-4,0,0,0,-74,-25,30,1513,-30,-10,12,512,1504,305,561,-34,-13,14,-693,-479,2488,10,-17,31,0,1049,1007,952,923,1,0,0,1,1,-0.10091513847016842,0.21565367298960203,1.5319185859987225,-27,10,1,-30,-10,12,51.2,4,3,-2,1049,1007,952,923
328150,133642954,10,4,0,-25,7,4,-3,0,-4,0,0,0,-74,-25,30,1513,-30,-10,12,512,1504,305,561,-36,-12,12,-693,-479,2488,-16,-25,-15,0,1034,990,972,934,1,0,0,1,1,-0.10120474645695177,0.2155598833615374,1.5318008657082927,-18,11,0,-30,-10,12,51.2,6,2,0,1034,990,972,934
328152,133643455,12,3,1,-25,7,4,3,2,-2,0,0,0,-74,-25,30,1513,-30,-10,12,512,1504,305,561,-37,-12,10,-693,-479,2488,-54,-11,-31,0,1024,972,983,949,1,0,0,1,1,-0.1015069115322927,0.2154643559537843,1.5317009291987742,-10,12,3,-30,-10,12,51.2,7,2,2,1024,972,983,949